# Experiment 0 (Baseline)

featStep=30
imsize=500
Nim4training=70
K=100
classifier=1-NN
shuffle=false

CM =

    0.5000         0    0.1000    0.0667         0    0.0333    0.0667    0.0333    0.0333    0.1667
         0    0.2000    0.1000         0         0    0.3000    0.0333    0.1000    0.2333    0.0333
         0    0.1667    0.1333    0.1000         0    0.1333    0.0333    0.0333    0.2000    0.2000
    0.0333         0    0.0333    0.8000         0    0.0333         0         0         0    0.1000
         0         0         0         0    1.0000         0         0         0         0         0
    0.0333    0.0667    0.1000         0         0    0.4333    0.1000    0.0667    0.0333    0.1667
    0.2667    0.0333    0.0667         0         0         0    0.6333         0         0         0
    0.1000         0         0         0         0    0.1000         0    0.7333    0.0333    0.0333
    0.1333    0.2000    0.0667         0         0    0.1333    0.0333         0    0.3333    0.1000
    0.0667    0.1000         0    0.1667         0    0.1333         0         0    0.1000    0.4333


accuracy = 0.5200

# Experiment 1

featStep=11
imsize=500
Nim4training=70
K=150
classifier=SVM
Kernel=polynomial
order=4
kernel scale=auto
standardize=true
shuffle=true

CM =

    0.7333         0         0         0         0    0.1667         0    0.0333         0    0.0667
    0.0333    0.5667         0         0         0    0.0667         0         0    0.2000    0.1333
    0.0333    0.3333    0.3333         0         0    0.0333         0    0.0333    0.1000    0.1333
         0         0         0    1.0000         0         0         0         0         0         0
         0         0         0         0    1.0000         0         0         0         0         0
    0.0333    0.1333         0         0         0    0.6667         0    0.0333         0    0.1333
    0.2667         0         0         0         0         0    0.6333         0         0    0.1000
    0.1000         0         0         0         0    0.0333         0    0.8333    0.0333         0
    0.0333    0.2667         0         0         0    0.0333         0         0    0.6000    0.0667
    0.0667    0.0333         0         0         0    0.0667         0         0         0    0.8333


accuracy = 0.7200

# Experiment 2

featStep=11
imsize=500
Nim4training=70
K=150
classifier=SVM
Kernel=polynomial
order=3
kernel scale=auto
standardize=true
shuffle=true

CM =

    0.7667         0         0         0         0    0.1667         0    0.0333         0    0.0333
    0.0333    0.5667         0         0         0    0.0667         0         0    0.2000    0.1333
    0.0333    0.3000    0.3667         0         0    0.0333         0    0.0333    0.1000    0.1333
         0         0    0.0333    0.9667         0         0         0         0         0         0
         0         0         0         0    1.0000         0         0         0         0         0
         0    0.1333         0         0         0    0.6667         0    0.0667         0    0.1333
    0.2667         0         0         0         0         0    0.6333         0         0    0.1000
    0.1000         0         0         0         0    0.0333         0    0.8333         0    0.0333
    0.0333    0.2667         0         0         0    0.0333         0         0    0.6000    0.0667
    0.0667    0.0333         0         0         0    0.0667         0         0         0    0.8333


accuracy = 0.7233

# Experiment 3

featStep=11
imsize=500
Nim4training=70
K=150
classifier=SVM
Kernel=polynomial
order=2
kernel scale=auto
standardize=true
shuffle=true

CM =

    0.7333    0.0333         0         0         0    0.1333    0.0333    0.0333         0    0.0333
    0.0333    0.6667         0         0         0    0.0333         0         0    0.1667    0.1000
    0.0333    0.2667    0.3667         0         0    0.0333         0    0.0333    0.1333    0.1333
         0         0    0.0333    0.9667         0         0         0         0         0         0
         0         0         0         0    1.0000         0         0         0         0         0
         0    0.1000         0         0         0    0.7000         0    0.0667         0    0.1333
    0.2000         0         0         0         0         0    0.6667         0    0.0333    0.1000
    0.0667         0         0         0         0    0.0333         0    0.8667    0.0333         0
    0.0333    0.2333         0         0         0    0.0333         0         0    0.6333    0.0667
    0.0667         0         0         0         0    0.0667         0         0    0.0333    0.8333


accuracy = 0.7433

# Experiment 4

featStep=9
imsize=500
Nim4training=70
K=150
classifier=SVM
Kernel=polynomial
order=4
kernel scale=auto
standardize=true
shuffle=true

CM =

    0.7333    0.1000         0         0         0    0.0667    0.0333    0.0333         0    0.0333
    0.0333    0.4667    0.0667         0         0    0.1000         0         0    0.2000    0.1333
    0.0333    0.3000    0.3333         0         0    0.0333         0    0.0333    0.1000    0.1667
         0         0         0    0.9667         0         0         0         0         0    0.0333
         0         0         0         0    1.0000         0         0         0         0         0
    0.0333    0.3333         0         0         0    0.5667         0         0         0    0.0667
    0.2333         0         0         0         0         0    0.6667         0         0    0.1000
    0.1333         0         0         0         0         0         0    0.8333    0.0333         0
         0    0.2667    0.0667         0         0    0.0667         0         0    0.5667    0.0333
    0.0667    0.0333    0.0667         0         0    0.0667         0         0    0.0333    0.7333


accuracy = 0.6867

# Experiment 5

featStep=9
imsize=500
Nim4training=70
K=150
classifier=SVM
Kernel=polynomial
order=3
kernel scale=auto
standardize=true
shuffle=true

CM =

    0.7333    0.0667         0         0         0    0.0667    0.0333    0.0333    0.0333    0.0333
    0.0333    0.5333    0.0667         0         0    0.1000         0         0    0.1667    0.1000
    0.0333    0.2333    0.4667         0         0    0.0667         0    0.0333    0.0667    0.1000
         0         0    0.0333    0.9667         0         0         0         0         0         0
         0         0         0         0    1.0000         0         0         0         0         0
         0    0.2667         0         0         0    0.6667         0         0         0    0.0667
    0.2000         0         0         0         0         0    0.7000         0         0    0.1000
    0.1333         0         0         0         0         0         0    0.8333    0.0333         0
         0    0.2333    0.0667         0         0    0.0667         0         0    0.6333         0
    0.0667    0.0667    0.1000         0         0    0.0333         0         0    0.0333    0.7000


accuracy = 0.7233

# Experiment 6

featStep=9
imsize=500
Nim4training=70
K=150
classifier=SVM
Kernel=polynomial
order=3
kernel scale=auto
standardize=true
shuffle=true

